[{"id": 0, "img_name": "127460000.png", "width": 861, "height": 478, "position": [3.272383184035395, 1.4876854157779276, 1.6462392174663092], "rotation": [[0.9514641012106053, 0.010348675759036384, -0.3075857100346654], [-0.010690305836595623, 0.9999426921394392, 0.000574280463374409], [0.3075740259979945, 0.0027417780663096507, 0.9515202053474323]], "fy": 444.96265760311906, "fx": 415.0821242137421}, {"id": 1, "img_name": "127594000.png", "width": 861, "height": 478, "position": [2.771893901622768, 1.5340552727759298, 1.8678489838398153], "rotation": [[0.9611548827586355, 0.009275920417485302, -0.2758536725324538], [-0.009966958430217873, 0.9999497200208152, -0.0011032542516564], [0.2758295689169021, 0.0038098202978576745, 0.9611990086243398]], "fy": 444.96265760311906, "fx": 415.0821242137421}, {"id": 2, "img_name": "127761000.png", "width": 861, "height": 478, "position": [2.232604675718, 1.5576202221093842, 2.1091532288963752], "rotation": [[0.9719100793554726, 0.00914553596663669, -0.23517473677910614], [-0.009754052350798653, 0.9999514136704101, -0.0014243459152027997], [0.23515028409503735, 0.003678242845603091, 0.9719520638486201]], "fy": 444.96265760311906, "fx": 415.0821242137421}, {"id": 3, "img_name": "127927000.png", "width": 861, "height": 478, "position": [1.7780278882484124, 1.6009907289631962, 2.3682154280135546], "rotation": [[0.9801485962089146, 0.008129326574358534, -0.19809756030587897], [-0.008575956167488862, 0.9999622503276057, -0.00139674463099189], [0.19807872759462897, 0.003067893283398739, 0.9801813126688832]], "fy": 444.96265760311906, "fx": 415.0821242137421}, {"id": 4, "img_name": "128061000.png", "width": 861, "height": 478, "position": [1.477463187727952, 1.6651042595297345, 2.5812497470028686], "rotation": [[0.9854429430184722, 0.007181727488351069, -0.16985472865179527], [-0.00726626466782267, 0.9999735926719852, 0.00012392118414558526], [0.16985113321043543, 0.0011120921570583872, 0.9854691044361387]], "fy": 444.96265760311906, "fx": 415.0821242137421}, {"id": 5, "img_name": "128228000.png", "width": 861, "height": 478, "position": [1.1672603108589812, 1.7992001413664875, 2.875209348097592], "rotation": [[0.9904877391741661, 0.005507188253975233, -0.1374907612284709], [-0.005510699853347648, 0.9999847529275725, 0.0003551049250953113], [0.13749062052654873, 0.0004059432433111242, 0.9905029855973722]], "fy": 444.96265760311906, "fx": 415.0821242137421}, {"id": 6, "img_name": "128395000.png", "width": 861, "height": 478, "position": [0.8622747742186452, 1.9304067188498595, 3.1941112478034803], "rotation": [[0.9944416545342346, 0.003956966733724163, -0.10521472397664786], [-0.003957970431421163, 0.9999921473520951, 0.00019925915162069766], [0.10521468622430043, 0.000218285166030937, 0.9944495070913898]], "fy": 444.96265760311906, "fx": 415.0821242137421}, {"id": 7, "img_name": "128561000.png", "width": 861, "height": 478, "position": [0.5734207385546226, 2.002571067450634, 3.4900045794494208], "rotation": [[0.9972098729087551, 0.0024578811901879672, -0.07460849947130341], [-0.00238055500620791, 0.9999965332811009, 0.001125337123878177], [0.07461100676955763, -0.0009445876533599893, 0.9972122669838142]], "fy": 444.96265760311906, "fx": 415.0821242137421}, {"id": 8, "img_name": "128695000.png", "width": 861, "height": 478, "position": [0.339655264335255, 2.033986047179773, 3.6758066873169226], "rotation": [[0.9988393285209333, 0.0018531146179992242, -0.04813067385839905], [-0.0017895801924545066, 0.9999974696793513, 0.0013630985398716115], [0.04813307805019116, -0.0012753827296867462, 0.9988401174343705]], "fy": 444.96265760311906, "fx": 415.0821242137421}, {"id": 9, "img_name": "128862000.png", "width": 861, "height": 478, "position": [0.048284146186849695, 2.015019792765842, 3.834886941143135], "rotation": [[0.9998965966978788, 0.0004318858100108964, -0.01437391340751513], [-0.0004287222399606527, 0.9999998831958066, 0.00022317171451704623], [0.014374008113278465, -0.00021698622147175477, 0.9998966650648151]], "fy": 444.96265760311906, "fx": 415.0821242137421}, {"id": 10, "img_name": "129029000.png", "width": 861, "height": 478, "position": [-0.19691901303925483, 1.9773585260811009, 3.8835654763254728], "rotation": [[0.9997880251121338, 0.00011291619231460868, 0.020588639884966172], [-0.00016121472450097881, 0.9999972392753708, 0.0023442379250597153], [-0.020588318342980586, -0.002347060197395324, 0.9997852831764619]], "fy": 444.96265760311906, "fx": 415.0821242137421}, {"id": 11, "img_name": "129195000.png", "width": 861, "height": 478, "position": [-0.46362506973028134, 1.9295130433641139, 3.8291629053440253], "rotation": [[0.9982062598871682, -0.0014500527358720912, 0.05985114927162558], [0.0014572899365273007, 0.9999989351670664, -7.72707852768877e-05], [-0.059850973493437126, 0.00016435265909291977, 0.9982073101115276]], "fy": 444.96265760311906, "fx": 415.0821242137421}, {"id": 12, "img_name": "129329000.png", "width": 861, "height": 478, "position": [-0.7686682628919648, 1.8915017047550213, 3.7380419313528663], "rotation": [[0.9954292133295298, -0.0029950091501921724, 0.09545528361669577], [0.0029570392487060205, 0.9999954825646576, 0.0005392301542437249], [-0.09545646740286994, -0.0002545004280914579, 0.9954335729020282]], "fy": 444.96265760311906, "fx": 415.0821242137421}, {"id": 13, "img_name": "129496000.png", "width": 861, "height": 478, "position": [-1.1249319659247246, 1.8414830076664523, 3.594192024758712], "rotation": [[0.9896707029437352, -0.004669050597563721, 0.14328328479404212], [0.004780049941661788, 0.9999884828445266, -0.00043046586053051045], [-0.14327962471129105, 0.0011109207079053806, 0.9896816230474184]], "fy": 444.96265760311906, "fx": 415.0821242137421}, {"id": 14, "img_name": "129663000.png", "width": 861, "height": 478, "position": [-1.4400395385464246, 1.776987837629014, 3.3973193510901414], "rotation": [[0.9797646351538939, -0.0063381330307378985, 0.20005271248209047], [0.006466959625249298, 0.9999790889527632, 9.508273733248661e-06], [-0.20004858943507364, 0.001284416944198085, 0.9797851356997365]], "fy": 444.96265760311906, "fx": 415.0821242137421}, {"id": 15, "img_name": "129796000.png", "width": 861, "height": 478, "position": [-1.620677415829715, 1.691147195712668, 3.220175641190609], "rotation": [[0.9688193814376665, -0.008049710755818097, 0.2476372514535828], [0.008238300613506166, 0.9999660269098714, 0.00027464356592260335], [-0.24763104925218657, 0.0017740301109240618, 0.9688527835865605]], "fy": 444.96265760311906, "fx": 415.0821242137421}, {"id": 16, "img_name": "129963000.png", "width": 861, "height": 478, "position": [-1.7405400733666516, 1.566261960703962, 2.949116162911328], "rotation": [[0.9522439892427709, -0.010129132219294857, 0.3051700929506323], [0.010324059045209028, 0.9999462300690194, 0.0009750772210005233], [-0.30516356066189254, 0.0022220826357089614, 0.9522973609083013]], "fy": 444.96265760311906, "fx": 415.0821242137421}, {"id": 17, "img_name": "130130000.png", "width": 861, "height": 478, "position": [-1.77276794924727, 1.4192394458674038, 2.646016040918181], "rotation": [[0.9337826723656943, -0.012301525129968814, 0.35762912810488323], [0.012600611196995364, 0.999919493021425, 0.0014940124625995692], [-0.3576187150961823, 0.003111262646096204, 0.9338625030793894]], "fy": 444.96265760311906, "fx": 415.0821242137421}, {"id": 18, "img_name": "130297000.png", "width": 861, "height": 478, "position": [-1.7228292207998839, 1.2650285775319434, 2.3132478786710657], "rotation": [[0.9129774391598775, -0.013454095796324604, 0.4077881593319937], [0.014054192296684018, 0.9999000731037997, 0.0015242984956249915], [-0.4077679183849068, 0.004339483070511701, 0.913075294607581]], "fy": 444.96265760311906, "fx": 415.0821242137421}, {"id": 19, "img_name": "130430000.png", "width": 861, "height": 478, "position": [-1.683648551706605, 1.1418725670564047, 1.9942241628457198], "rotation": [[0.8924725153758958, -0.015191115443221562, 0.4508459152639757], [0.015183023027066608, 0.9998781237991218, 0.0036350185292205574], [-0.4508461878627576, 0.003601049782900406, 0.8925943912719148]], "fy": 444.96265760311906, "fx": 415.0821242137421}, {"id": 20, "img_name": "130597000.png", "width": 861, "height": 478, "position": [-1.610092573143881, 0.9878616341220343, 1.5294180688087378], "rotation": [[0.8625097025768562, -0.018158748037059046, 0.5057146159945445], [0.018172541786332878, 0.9998228243859039, 0.004906991136984781], [-0.5057141205125746, 0.004957792525012131, 0.8626868774981291]], "fy": 444.96265760311906, "fx": 415.0821242137421}, {"id": 21, "img_name": "130764000.png", "width": 861, "height": 478, "position": [-1.5597410919239827, 0.8564531532202491, 1.0672746120602492], "rotation": [[0.8270265839822016, -0.02034084893223453, 0.5617946949299593], [0.020557896055894136, 0.9997710479871768, 0.005935024547316788], [-0.5617867943414878, 0.006640893865904946, 0.8272553996391784]], "fy": 444.96265760311906, "fx": 415.0821242137421}, {"id": 22, "img_name": "130930000.png", "width": 861, "height": 478, "position": [-1.5402628553008246, 0.694999344346642, 0.5930009138539883], "rotation": [[0.7860222349441516, -0.022247482177406564, 0.6177977789780138], [0.022050858732574893, 0.9997252741139085, 0.007945811917382256], [-0.6178048282447759, 0.007377386707796035, 0.7862968703758186]], "fy": 444.96265760311906, "fx": 415.0821242137421}, {"id": 23, "img_name": "131064000.png", "width": 861, "height": 478, "position": [-1.5250778023303133, 0.5347694411783155, 0.22185458568002656], "rotation": [[0.7470360596731712, -0.024026391077057688, 0.6643491989005437], [0.023319862780413262, 0.9996787243975456, 0.009931363793483512], [-0.6643743745418578, 0.008073445281173436, 0.7473563473560703]], "fy": 444.96265760311906, "fx": 415.0821242137421}, {"id": 24, "img_name": "131231000.png", "width": 861, "height": 478, "position": [-1.53710878197313, 0.3225002512656632, -0.22937959530028298], "rotation": [[0.6895623162579205, -0.02579796180069249, 0.7237667284173412], [0.024636589209477974, 0.999622536077652, 0.012158282683292871], [-0.7238071915013934, 0.009447250002695846, 0.6899376051486481]], "fy": 444.96265760311906, "fx": 415.0821242137421}, {"id": 25, "img_name": "131398000.png", "width": 861, "height": 478, "position": [-1.5658293829111445, 0.11387027112170835, -0.6163923722949656], "rotation": [[0.626394466368666, -0.027773637629770587, 0.7790112948831514], [0.02583358487672478, 0.9995557438616823, 0.014864077688708394], [-0.7790780438410075, 0.010813878394410285, 0.6268336794070175]], "fy": 444.96265760311906, "fx": 415.0821242137421}, {"id": 26, "img_name": "131531000.png", "width": 861, "height": 478, "position": [-1.5873789439945916, -0.04102314511254897, -0.884397130304943], "rotation": [[0.574012980897307, -0.029693559521102513, 0.8183076379237546], [0.02631408980318324, 0.9994950614640147, 0.017809850838106208], [-0.818423280728999, 0.01130993510203869, 0.5745044986149106]], "fy": 444.96265760311906, "fx": 415.0821242137421}, {"id": 27, "img_name": "131698000.png", "width": 861, "height": 478, "position": [-1.6038760994181902, -0.24819131790551005, -1.1310876168505517], "rotation": [[0.5098788764346794, -0.03986593109924564, 0.8593219646345013], [0.02520407991058128, 0.9991890733056006, 0.03139984303394329], [-0.8598769014932138, 0.005648302779193378, 0.5104701861560033]], "fy": 444.96265760311906, "fx": 415.0821242137421}, {"id": 28, "img_name": "131865000.png", "width": 861, "height": 478, "position": [-1.6213482521966398, -0.46110602381687815, -1.3118080807842003], "rotation": [[0.4486086306939223, -0.04774783409726746, 0.8924519263276559], [0.02471073000679425, 0.99885274698576, 0.04101913774730383], [-0.8933866331490837, 0.003651599378462786, 0.44927384692693156]], "fy": 444.96265760311906, "fx": 415.0821242137421}, {"id": 29, "img_name": "132032000.png", "width": 861, "height": 478, "position": [-1.6443542381627243, -0.6551002538455657, -1.414384319130265], "rotation": [[0.3908669287302612, -0.055847808694591015, 0.91875136260524], [0.023512084547481236, 0.9984376901792895, 0.05068886179110028], [-0.9201468501849066, 0.001789159986567949, 0.3915693718887337]], "fy": 444.96265760311906, "fx": 415.0821242137421}, {"id": 30, "img_name": "132165000.png", "width": 861, "height": 478, "position": [-1.6690151876707755, -0.8111968874430778, -1.5337317004023245], "rotation": [[0.34841371166643387, -0.06295604693910285, 0.9352242627715667], [0.02275829136319589, 0.9980159548561114, 0.05870446343228343], [-0.9370645365699456, 0.0008306662662570823, 0.34915521519305304]], "fy": 444.96265760311906, "fx": 415.0821242137421}, {"id": 31, "img_name": "132332000.png", "width": 861, "height": 478, "position": [-1.6830870943426663, -0.9784530195433468, -1.697824541509157], "rotation": [[0.2990679387407353, -0.07014879339989821, 0.951649890874741], [0.02181448934280843, 0.9975362027119473, 0.06667572522096328], [-0.9539824401277419, 0.000819184696694702, 0.29986135607035524]], "fy": 444.96265760311906, "fx": 415.0821242137421}, {"id": 32, "img_name": "132499000.png", "width": 861, "height": 478, "position": [-1.696219309981185, -1.1517884839493011, -1.8618644807174871], "rotation": [[0.25966114627347253, -0.07401565029452267, 0.9628591655208072], [0.02123660585639873, 0.997255015040004, 0.07093265502757844], [-0.9654662581818417, 0.002029406080704563, 0.26052022152476634]], "fy": 444.96265760311906, "fx": 415.0821242137421}, {"id": 33, "img_name": "132666000.png", "width": 861, "height": 478, "position": [-1.6860262206357521, -1.2749326689593952, -2.027774577975253], "rotation": [[0.2308639634550462, -0.07818434492736472, 0.9698396973655522], [0.020734011159927238, 0.9969352793335854, 0.07543308028501852], [-0.9727650955698641, 0.002693887218295741, 0.23177750497537067]], "fy": 444.96265760311906, "fx": 415.0821242137421}, {"id": 34, "img_name": "132799000.png", "width": 861, "height": 478, "position": [-1.6671543852268846, -1.3879852599718345, -2.17353348835226], "rotation": [[0.20988411862630663, -0.07882711622502292, 0.9745434533647562], [0.020478144340656413, 0.9968804412931267, 0.07622356178757424], [-0.9775117914137, 0.0039587264199024245, 0.21084360586062525]], "fy": 444.96265760311906, "fx": 415.0821242137421}, {"id": 35, "img_name": "132966000.png", "width": 861, "height": 478, "position": [-1.6283658164529942, -1.5266890680805083, -2.3680411774420733], "rotation": [[0.1835204653199142, -0.07994828053131577, 0.9797594149835193], [0.02039974470851657, 0.9967823649243663, 0.07751623953478895], [-0.982804196788246, 0.00576102559215494, 0.1845608879463279]], "fy": 444.96265760311906, "fx": 415.0821242137421}, {"id": 36, "img_name": "133133000.png", "width": 861, "height": 478, "position": [-1.5689618469206295, -1.6611095079170912, -2.54133089101396], "rotation": [[0.15582208362300198, -0.08087014290150607, 0.9844691453989179], [0.019843496823751382, 0.996698155463463, 0.07873387155180578], [-0.9875858007733767, 0.007266834442896498, 0.15691232975132188]], "fy": 444.96265760311906, "fx": 415.0821242137421}, {"id": 37, "img_name": "133266000.png", "width": 861, "height": 478, "position": [-1.5153728751017626, -1.748386753990104, -2.677929173807835], "rotation": [[0.1324932513970542, -0.08217107037562314, 0.9877719643356764], [0.019338304974804994, 0.9965823205953576, 0.08031007556635308], [-0.9909952413079176, 0.008461292460156287, 0.1336294811595304]], "fy": 444.96265760311906, "fx": 415.0821242137421}, {"id": 38, "img_name": "133433000.png", "width": 861, "height": 478, "position": [-1.4084265031876246, -1.826104571378606, -2.8150042853287687], "rotation": [[0.10446179262308201, -0.0829833591527464, 0.9910607932844978], [0.018636454588348353, 0.9965011704674093, 0.0814745347790308], [-0.9943542710937326, 0.009958883512189851, 0.10564281422246381]], "fy": 444.96265760311906, "fx": 415.0821242137421}, {"id": 39, "img_name": "133600000.png", "width": 861, "height": 478, "position": [-1.2832140020001568, -1.8476507491276437, -2.933692777488999], "rotation": [[0.07649167734936155, -0.0838232104365931, 0.993540483668574], [0.017598711940441, 0.9964181658431251, 0.0827110882279986], [-0.9969148953819071, 0.011158322899299005, 0.07769287738111154]], "fy": 444.96265760311906, "fx": 415.0821242137421}, {"id": 40, "img_name": "133767000.png", "width": 861, "height": 478, "position": [-1.1295897794389966, -1.8659825744083176, -2.9974982503120327], "rotation": [[0.05092672287432596, -0.0849696603226894, 0.9950812156411796], [0.01713850558074332, 0.9963017501685357, 0.08419675906809833], [-0.9985553267214288, 0.012766339951581794, 0.05219463612767317]], "fy": 444.96265760311906, "fx": 415.0821242137421}, {"id": 41, "img_name": "133900000.png", "width": 861, "height": 478, "position": [-0.9524108551202393, -1.8573790961375443, -3.007656612420728], "rotation": [[0.03214968817939668, -0.08593726435558774, 0.9957816950240878], [0.016590738110859756, 0.9962053328015882, 0.08543817827302817], [-0.9993453582015099, 0.013773942527639096, 0.033453453459110445]], "fy": 444.96265760311906, "fx": 415.0821242137421}, {"id": 42, "img_name": "134067000.png", "width": 861, "height": 478, "position": [-0.6547004456515989, -1.7896945182305668, -3.0076088095637137], "rotation": [[0.010899333880423254, -0.08684331756028775, 0.9961623576084803], [0.015714867598471433, 0.9961133749170953, 0.08666710591474162], [-0.9998171070037386, 0.014709945832583664, 0.012221703493248616]], "fy": 444.96265760311906, "fx": 415.0821242137421}, {"id": 43, "img_name": "134234000.png", "width": 861, "height": 478, "position": [-0.26315011067467364, -1.7250152551370914, -2.945465196980681], "rotation": [[-0.009631270837171616, -0.08812159519120358, 0.99606316219556], [0.015023891014178422, 0.995984174868124, 0.08825987826332175], [-0.9998407479798243, 0.015814799183673896, -0.00826866409554356]], "fy": 444.96265760311906, "fx": 415.0821242137421}, {"id": 44, "img_name": "134401000.png", "width": 861, "height": 478, "position": [0.22063092017764815, -1.5871602191926377, -2.829197505919088], "rotation": [[-0.028916456929425922, -0.09097015112235399, 0.9954337095575094], [0.013946055359990155, 0.9957164976791639, 0.09140111481506008], [-0.999484540179859, 0.0165253700205406, -0.027523918455399372]], "fy": 444.96265760311906, "fx": 415.0821242137421}, {"id": 45, "img_name": "134534000.png", "width": 861, "height": 478, "position": [0.6548852978353836, -1.4917205466490717, -2.698457474782472], "rotation": [[-0.04320809845902144, -0.09038037141772125, 0.9949695717407391], [0.013302867956786977, 0.9957593122521641, 0.09102980702616896], [-0.9989775242374973, 0.01716917369858039, -0.04182254825842371]], "fy": 444.96265760311906, "fx": 415.0821242137421}, {"id": 46, "img_name": "134701000.png", "width": 861, "height": 478, "position": [1.246608290810051, -1.395672175366263, -2.5604693048391804], "rotation": [[-0.06337334297092363, -0.09196247403074695, 0.993743791311842], [0.01229656919037942, 0.9955978089864311, 0.0929182281770604], [-0.9979141314696548, 0.01810817802989143, -0.061963538485159675]], "fy": 444.96265760311906, "fx": 415.0821242137421}, {"id": 47, "img_name": "134868000.png", "width": 861, "height": 478, "position": [1.8684009222144762, -1.3207666739827073, -2.4083833721251278], "rotation": [[-0.08513558000807334, -0.09272790400836048, 0.9920450941539428], [0.011224406825388363, 0.995507523735053, 0.09401480137893586], [-0.9963061505923301, 0.019139122370654085, -0.08371229471692915]], "fy": 444.96265760311906, "fx": 415.0821242137421}, {"id": 48, "img_name": "135001000.png", "width": 861, "height": 478, "position": [2.376642818962794, -1.2375084481166434, -2.280938138540611], "rotation": [[-0.10207761026286988, -0.09279379008888772, 0.9904390309372711], [0.010820103588014166, 0.9954773507822392, 0.09438098027632226], [-0.9947175915009071, 0.020350837833227692, -0.10061191061757742]], "fy": 444.96265760311906, "fx": 415.0821242137421}, {"id": 49, "img_name": "135168000.png", "width": 861, "height": 478, "position": [2.9646729068417472, -1.1583096118845948, -2.124048817372013], "rotation": [[-0.12115325947642888, -0.09238486583984742, 0.9883253129825168], [0.009960954581199442, 0.9954962435801461, 0.09427623455383569], [-0.9925838337904096, 0.02126653666143013, -0.11968737325365472]], "fy": 444.96265760311906, "fx": 415.0821242137421}, {"id": 50, "img_name": "135335000.png", "width": 861, "height": 478, "position": [3.5357198289158323, -1.0645432343677743, -1.9181101389318918], "rotation": [[-0.13922367988060977, -0.09148159641965212, 0.986026310235692], [0.009543987106064106, 0.9955534988455921, 0.09371309004839534], [-0.9902149661919982, 0.022457703640649994, -0.13773152245062845]], "fy": 444.96265760311906, "fx": 415.0821242137421}, {"id": 51, "img_name": "135502000.png", "width": 861, "height": 478, "position": [4.075395514116598, -0.9433987597466226, -1.6378632457222677], "rotation": [[-0.1548081979076449, -0.09252589016998332, 0.983602247612743], [0.008895892818371371, 0.9954338024632343, 0.09503898149996727], [-0.9879044918166695, 0.02346283362766007, -0.15327821269381126]], "fy": 444.96265760311906, "fx": 415.0821242137421}, {"id": 52, "img_name": "135635000.png", "width": 861, "height": 478, "position": [4.523383575008232, -0.8267106365605409, -1.3161226051306891], "rotation": [[-0.16874655837689917, -0.09350349068811906, 0.9812143987249108], [0.007943400537664074, 0.9953289171821689, 0.09621459873049226], [-0.9856274658428759, 0.02403006138378015, -0.1672155935492912]], "fy": 444.96265760311906, "fx": 415.0821242137421}, {"id": 53, "img_name": "135802000.png", "width": 861, "height": 478, "position": [5.095244948036833, -0.6888360371853434, -0.7958025468810387], "rotation": [[-0.18763954156832285, -0.0921911878655294, 0.9779019313407515], [0.006777621718245504, 0.9954403416207551, 0.09514510033521967], [-0.9822145724249224, 0.024480832377542037, -0.18615913236322482]], "fy": 444.96265760311906, "fx": 415.0821242137421}, {"id": 54, "img_name": "135969000.png", "width": 861, "height": 478, "position": [5.687169578958726, -0.5587502676329447, -0.2132089075635446], "rotation": [[-0.2118919494456397, -0.09162465026239908, 0.9729885534909538], [0.005668148681174194, 0.9954634777466, 0.09497545242415287], [-0.977276661877615, 0.025639577549902735, -0.2104113547611154]], "fy": 444.96265760311906, "fx": 415.0821242137421}, {"id": 55, "img_name": "136136000.png", "width": 861, "height": 478, "position": [6.260625783359886, -0.37903014527263124, 0.3686684706245278], "rotation": [[-0.23779096424051668, -0.09308634796691194, 0.9668455870239817], [0.004573407480510178, 0.9952788754627361, 0.09694866683791496], [-0.9713055859355397, 0.02747529580941415, -0.23624260168437583]], "fy": 444.96265760311906, "fx": 415.0821242137421}, {"id": 56, "img_name": "136269000.png", "width": 861, "height": 478, "position": [6.72522000411787, -0.23662429441132465, 0.7564699527063655], "rotation": [[-0.25880046240800997, -0.09143627533832403, 0.9615933278728873], [0.0041447583594266405, 0.9953952499415452, 0.09576595100530602], [-0.9659219128043126, 0.02876984438718606, -0.2572297696970452]], "fy": 444.96265760311906, "fx": 415.0821242137421}, {"id": 57, "img_name": "136436000.png", "width": 861, "height": 478, "position": [7.330672322874257, -0.050389586155978904, 1.1318089069996349], "rotation": [[-0.28560871199055005, -0.090913696498633, 0.9540242991790373], [0.0036211752794595813, 0.9953806449735627, 0.0959388279145098], [-0.9583394757207357, 0.03085565427873706, -0.28396016952089703]], "fy": 444.96265760311906, "fx": 415.0821242137421}, {"id": 58, "img_name": "136603000.png", "width": 861, "height": 478, "position": [7.949219142069205, 0.10266558456300683, 1.4325229606152887], "rotation": [[-0.3106859257471535, -0.09094812927161769, 0.9461515171073961], [0.0031146094548983403, 0.9953090791116236, 0.09669610253735908], [-0.950507524825857, 0.03298901059391021, -0.3089452547450068]], "fy": 444.96265760311906, "fx": 415.0821242137421}]